First Name,Last Name,Pitcher?,Season AB,AB(4),AB(5),AB(6),AB(7),AB(8),AB(9-10),H(4),H(5),H(6),H(7),H(8),H(9-10)
Brent,Abernathy,0,67,0,0,18,1,34,14,0,0,5,0,8,3
Bobby,Abreu,0,588,88,96,103,98,100,103,23,38,29,21,32,25
Jeremy,Accardo,1,2,0,0,0,0,0,2,0,0,0,0,0,1
Jose,Acevedo,1,8,0,0,0,1,6,1,0,0,0,0,1,0
Russ,Adams,0,481,55,67,68,79,104,108,12,17,17,26,28,23
Christopher,Aguila,0,78,5,11,0,6,41,15,1,2,0,3,7,6
Manny,Alexander,0,18,0,0,0,0,0,18,0,0,0,0,0,2
Edgardo,Alfonzo,0,368,78,95,33,31,72,59,28,27,8,7,19,13
Chad,Allen,0,53,22,28,3,0,0,0,7,8,0,0,0,0
Sandy,AlomarJr.,0,128,15,30,26,31,25,1,6,7,8,8,6,0
Moises,Alou,0,427,31,90,104,77,39,86,6,27,40,26,9,29
Wilson,Alvarez,1,2,0,2,0,0,0,0,0,0,0,0,0,0
Chip,Ambres,0,145,0,0,0,23,62,60,0,0,0,8,13,14
Alfredo,Amezaga,0,6,4,2,0,0,0,0,1,0,0,0,0,0
Brian,Anderson,0,34,0,0,0,0,24,10,0,0,0,0,5,1
Garret,Anderson,0,575,97,95,107,105,67,104,30,28,34,24,18,29
Marlon,Anderson,0,235,22,21,58,54,38,42,8,6,13,18,6,11
Robert,Andino,0,44,0,0,0,0,0,44,0,0,0,0,0,7
Danny,Ardoin,0,210,0,0,46,57,53,54,0,0,13,9,14,12
Tony,ArmasJr.,1,32,0,7,8,10,6,1,0,0,1,3,0,0
Bronson,Arroyo,1,1,0,0,1,0,0,0,0,0,0,0,0,0
Ezequiel,Astacio,1,21,0,4,0,6,6,5,0,1,0,2,0,0
Pedro,Astacio,1,17,0,0,1,4,6,6,0,0,0,1,0,0
Garrett,Atkins,0,519,11,76,107,101,103,121,5,18,39,22,27,38
Rich,Aurilia,0,426,67,37,69,89,80,84,15,5,24,25,23,28
Brad,Ausmus,0,387,52,56,51,73,71,84,12,15,7,22,22,22
Luis,Ayala,1,3,1,0,1,0,1,0,0,0,0,0,1,0
Willy,Aybar,0,86,0,0,0,0,1,85,0,0,0,0,0,28
Brandon,Backe,1,45,8,14,6,9,0,8,3,3,1,3,0,0
Carlos,Baerga,0,158,15,19,23,62,20,19,2,6,8,17,3,4
Jeff,Bagwell,0,100,76,12,0,0,0,12,20,2,0,0,0,3
Jeff,Baker,0,38,38,0,0,0,0,0,8,0,0,0,0,0
Paul,Bako,0,40,20,20,0,0,0,0,6,4,0,0,0,0
James,Baldwin,1,1,0,0,1,0,0,0,0,0,0,0,0,0
Rod,Barajas,0,410,75,55,66,66,78,70,17,12,22,15,20,18
Josh,Bard,0,83,13,30,10,18,7,5,1,8,0,4,2,1
Clint,Barmes,0,350,83,118,24,0,0,125,34,30,10,0,0,27
Michael,Barrett,0,424,71,66,77,73,69,68,16,23,18,22,22,16
Jason,Bartlett,0,224,69,22,0,0,66,67,17,5,0,0,21,11
Clifford,Bartosh,1,1,1,0,0,0,0,0,1,0,0,0,0,0
Jose,Bautista,0,28,0,0,0,0,0,28,0,0,0,0,0,4
Jason,Bay,0,599,89,106,98,97,101,108,26,31,33,25,32,36
Yorman,Bazardo,1,1,0,1,0,0,0,0,0,0,0,0,0,0
Josh,Beckett,1,59,13,11,7,6,13,9,2,2,0,0,2,3
Matt,Belisle,1,7,3,4,0,0,0,0,0,1,0,0,0,0
David,Bell,0,557,83,95,88,88,94,109,17,28,24,21,19,29
Heath,Bell,1,3,0,2,0,1,0,0,0,0,0,0,0,0
Mark,Bellhorn,0,300,70,82,88,43,4,13,16,21,19,5,0,2
Ron,Belliard,0,536,75,75,96,99,94,97,23,21,27,28,24,29
Carlos,Beltran,0,582,95,79,101,107,82,118,27,24,20,31,22,31
Adrian,Beltre,0,603,97,102,81,106,104,113,25,22,26,26,30,25
Gary,Bennett,0,199,14,42,23,22,38,60,3,11,6,5,8,11
Joaquin,Benoit,1,1,0,0,1,0,0,0,0,0,0,0,0,0
Kris,Benson,1,49,0,12,5,13,8,11,0,3,2,1,3,0
Jason,Bergmann,1,3,0,0,0,0,2,1,0,0,0,0,1,0
William,Bergolla,0,38,0,35,3,0,0,0,0,5,0,0,0,0
Lance,Berkman,0,468,0,77,91,105,95,100,0,18,28,38,23,30
Adam,Bernero,1,1,0,1,0,0,0,0,0,1,0,0,0,0
Angel,Berroa,0,608,93,107,105,101,94,108,23,27,24,29,26,35
Wilson,Betemit,0,246,17,23,83,50,52,21,4,7,27,12,18,7
Larry,Bigbie,0,272,56,56,40,54,59,7,15,12,14,10,14,0
Craig,Biggio,0,590,83,100,98,99,98,112,22,30,27,26,24,27
Casey,Blake,0,523,69,103,82,73,96,100,13,21,24,17,30,21
Hank,Blalock,0,647,98,105,108,114,115,107,26,32,31,28,30,23
Andres,Blanco,0,79,0,0,0,0,0,79,0,0,0,0,0,17
Henry,Blanco,0,161,17,29,20,29,28,38,1,5,4,11,8,10
Tony,Blanco,0,62,13,16,15,0,12,6,3,4,4,0,0,0
Joseph,Blanton,1,3,0,2,1,0,0,0,0,0,1,0,0,0
Willie,Bloomquist,0,249,16,36,16,72,109,0,3,7,4,23,27,0
Geoff,Blum,0,319,59,51,74,40,63,32,16,15,13,10,13,6
Hiram,Bocachica,0,19,0,0,0,0,0,19,0,0,0,0,0,2
Jeremy,Bonderman,1,6,0,0,6,0,0,0,0,0,0,0,0,0
Barry,Bonds,0,42,0,0,0,0,0,42,0,0,0,0,0,12
Aaron,Boone,0,511,73,80,81,90,87,100,9,15,22,28,28,22
Bret,Boone,0,326,91,99,77,59,0,0,25,20,18,9,0,0
Joe,Borchard,0,12,0,0,0,0,0,12,0,0,0,0,0,5
Pat,Borders,0,117,0,17,57,43,0,0,0,3,13,7,0,0
Jason,Botts,0,27,0,0,0,0,0,27,0,0,0,0,0,8
Milton,Bradley,0,283,92,96,0,28,67,0,30,26,0,5,21,0
Russell,Branyan,0,202,45,48,4,48,32,25,15,8,1,15,7,6
Yhency,Brazoban,1,2,1,0,0,0,1,0,0,0,0,0,0,0
Craig,Breslow,1,1,0,0,0,0,0,1,0,0,0,0,0,0
Eude,Brito,1,7,0,0,0,0,2,5,0,0,0,0,0,1
Ben,Broussard,0,466,67,99,75,83,57,85,16,31,16,20,15,21
Jim,Brower,1,2,0,1,1,0,0,0,0,0,0,0,0,0
Emil,Brown,0,545,56,83,93,98,98,117,9,26,34,26,27,34
Kevin,Brown,1,2,0,2,0,0,0,0,0,1,0,0,0,0
Brian,Bruney,1,1,0,0,0,0,1,0,0,0,0,0,0,0
Eric,Bruntlett,0,109,8,17,11,27,16,30,0,4,4,5,2,9
Jaime,Bubela,0,19,0,0,0,0,0,19,0,0,0,0,0,2
Jonathan,Buck,0,401,63,63,65,66,63,81,12,14,18,15,12,26
Mark,Buehrle,1,3,0,0,3,0,0,0,0,0,0,0,0,0
Nate,Bump,1,5,1,1,0,3,0,0,0,0,0,1,0,0
Christopher,Burke,0,318,42,3,86,78,68,41,10,0,21,19,18,11
Jamie,Burke,0,1,0,1,0,0,0,0,0,0,0,0,0,0
Allen,Burnett,1,68,13,10,9,13,13,10,2,0,0,2,3,3
Jeromy,Burnitz,0,605,87,106,98,107,99,108,26,24,30,28,25,23
Pat,Burrell,0,562,73,91,94,102,93,109,22,28,25,27,26,30
Sean,Burroughs,0,284,69,74,82,30,1,28,22,16,21,6,1,5
Freddie,Bynum,0,7,0,0,0,0,0,7,0,0,0,0,0,2
Marlon,Byrd,0,229,0,52,63,42,9,63,0,18,15,6,4,18
Paul,Byrd,1,4,0,2,2,0,0,0,0,0,1,0,0,0
Eric,Byrnes,0,412,52,74,48,81,102,55,10,20,14,21,24,4
Daniel,Cabrera,1,1,0,0,1,0,0,0,0,0,0,0,0,0
Melky,Cabrera,0,19,0,0,0,19,0,0,0,0,0,4,0,0
Miguel,Cabrera,0,613,84,96,111,102,114,106,29,35,36,38,30,30
Orlando,Cabrera,0,540,89,102,72,50,111,116,23,22,19,14,30,31
Matthew,Cain,1,15,0,0,0,0,1,14,0,0,0,0,0,1
Miguel,Cairo,0,327,24,61,13,77,93,59,8,18,2,19,19,16
Kiko,Calero,1,1,0,0,1,0,0,0,0,0,0,0,0,0
Napoleon,Calzado,0,5,0,1,4,0,0,0,0,1,0,0,0,0
Mike,Cameron,0,308,0,86,73,111,38,0,0,32,15,25,12,0
Robinson,Cano,0,522,0,83,100,116,111,112,0,21,31,37,23,43
Jorge,Cantu,0,598,95,79,96,113,110,105,26,24,30,30,36,25
Christopher,Capuano,1,71,8,15,9,14,11,14,1,1,2,1,2,5
Chris,Carpenter,1,77,11,13,11,12,17,13,0,1,1,0,0,3
Giovanni,Carrara,1,1,0,0,0,0,0,1,0,0,0,0,0,0
Daniel,Carrasco,1,7,0,0,7,0,0,0,0,0,0,0,0,0
Hector,Carrasco,1,8,0,0,0,0,1,7,0,0,0,0,0,0
Jamey,Carroll,0,303,18,89,41,66,29,60,6,21,10,14,8,17
Marcos,Carvajal,1,4,0,1,0,2,0,1,0,0,0,0,0,1
Raul,Casanova,0,5,0,0,0,0,0,5,0,0,0,0,0,1
Sean,Casey,0,529,87,97,99,101,95,50,24,35,30,29,35,12
Kevin,Cash,0,31,0,0,20,11,0,0,0,0,3,2,0,0
Scott,Cassidy,1,1,0,0,0,0,0,1,0,0,0,0,0,0
Vinny,Castilla,0,494,75,98,89,79,88,65,26,24,18,16,23,18
Alberto,Castillo,0,101,21,24,31,22,2,1,4,4,8,5,0,0
Frank,Castillo,1,1,0,1,0,0,0,0,0,0,0,0,0,0
Jose,Castillo,0,370,4,95,95,101,75,0,0,32,21,26,20,0
Luis,Castillo,0,439,64,40,99,96,75,65,18,15,34,24,20,21
Bernabel,Castro,0,80,0,0,0,0,0,80,0,0,0,0,0,23
Juan,Castro,0,272,23,62,67,52,13,55,6,17,14,14,5,14
Ramon,Castro,0,209,21,8,33,32,58,57,5,2,8,10,15,11
Frank,Catalanotto,0,419,68,50,76,84,59,82,18,17,21,28,14,28
Roger,Cedeno,0,57,25,26,6,0,0,0,4,3,2,0,0,0
Ronny,Cedeno,0,80,5,11,4,32,13,15,1,4,1,8,5,5
Matthew,Cepicky,0,25,0,0,0,18,7,0,0,0,0,5,1,0
Gustavo,Chacin,1,7,0,0,7,0,0,0,0,0,0,0,0,0
Shawn,Chacon,1,20,5,9,1,5,0,0,1,1,1,0,0,0
Angel,Chavez,0,19,0,0,0,0,6,13,0,0,0,0,0,5
Endy,Chavez,0,116,0,37,20,33,20,6,0,7,4,12,1,1
Eric,Chavez,0,625,93,109,103,103,104,113,18,26,39,28,31,26
Raul,Chavez,0,99,25,37,14,10,0,13,8,5,1,2,0,1
Bruce,Chen,1,3,0,0,3,0,0,0,0,0,1,0,0,0
Chin-Feng,Chen,0,8,0,0,0,8,0,0,0,0,0,2,0,0
HeeSeop,Choi,0,320,54,71,73,47,35,40,14,18,15,13,12,9
Shin-soo,Choo,0,18,1,2,0,0,0,15,0,1,0,0,0,0
Ryan,Church,0,268,42,61,57,46,31,31,8,23,21,11,7,7
Alex,Cintron,0,330,37,58,64,66,38,67,11,14,21,14,8,22
Jeff,Cirillo,0,185,47,54,49,0,0,35,9,20,13,0,0,10
Brady,Clark,0,599,95,122,105,113,56,108,28,45,29,36,14,31
Douglas,Clark,0,5,0,0,0,0,0,5,0,0,0,0,0,0
Tony,Clark,0,349,31,47,81,43,78,69,10,15,27,15,20,19
Brandon,Claussen,1,55,4,6,11,8,13,13,0,0,1,0,1,3
Royce,Clayton,0,522,75,99,77,82,101,88,17,23,23,25,29,24
Roger,Clemens,1,58,10,12,7,10,13,6,3,3,1,2,2,1
Matt,Clement,1,3,0,0,3,0,0,0,0,0,0,0,0,0
Jeffrey,Closser,0,237,47,44,36,39,43,28,8,9,9,10,12,4
Justin,Coffey,1,3,0,1,0,0,1,1,0,0,0,0,0,0
Bartolo,Colon,1,3,0,0,3,0,0,0,0,0,1,0,0,0
Roman,Colon,1,7,0,0,4,3,0,0,0,0,0,0,0,0
Jeff,Conine,0,335,19,34,48,45,92,97,5,11,10,17,30,29
Jose,Contreras,1,3,0,1,2,0,0,0,0,0,0,0,0,0
Aaron,Cook,1,30,0,0,0,2,10,18,0,0,0,1,1,3
Brian,Cooper,1,2,0,0,0,0,2,0,0,0,0,0,1,0
Alex,Cora,0,250,48,52,38,40,35,37,13,10,6,9,10,10
Wil,Cordero,0,51,4,0,31,16,0,0,0,0,2,4,0,0
Lance,Cormier,1,6,0,1,3,0,1,1,0,0,1,0,0,1
Rheal,Cormier,1,1,0,0,1,0,0,0,0,0,0,0,0,0
Kevin,Correia,1,14,0,0,0,6,8,0,0,0,0,0,1,0
David,Cortes,1,2,0,0,0,0,2,0,0,0,0,0,0,0
Fernando,Cortez,0,13,0,0,0,13,0,0,0,0,0,1,0,0
Shane,Costa,0,81,0,0,51,30,0,0,0,0,15,4,0,0
Humberto,Cota,0,297,16,67,60,62,44,48,3,18,13,16,10,12
Craig,Counsell,0,578,77,96,112,101,100,92,21,34,27,20,28,18
Carl,Crawford,0,644,103,119,116,110,107,89,27,32,34,34,34,33
Joe,Crede,0,432,79,84,80,69,58,62,24,13,22,21,6,23
Covelli,Crisp,0,594,99,53,105,105,111,121,25,18,32,31,32,40
Bobby,Crosby,0,333,2,7,95,107,97,25,1,2,32,27,26,4
Bubba,Crosby,0,98,12,0,0,24,7,55,2,0,0,5,2,18
Deivi,Cruz,0,260,31,50,41,57,30,51,8,17,10,13,8,13
Jacob,Cruz,0,127,15,24,28,28,14,18,5,6,5,5,5,4
Jose,Cruz,0,370,17,59,79,47,62,106,5,15,13,10,18,32
Nelson,Cruz,0,5,0,0,0,0,0,5,0,0,0,0,0,1
Michael,Cuddyer,0,422,73,87,72,27,85,78,15,27,18,8,19,24
Midre,Cummings,0,2,0,0,0,0,2,0,0,0,0,0,0,0
Brian,Dallimore,0,7,0,5,1,1,0,0,0,0,1,0,0,0
Johnny,Damon,0,624,96,112,99,115,103,99,35,38,31,39,26,28
Brian,Daubach,0,25,0,0,20,5,0,0,0,0,2,1,0,0
Jeff,DaVanon,0,225,68,29,49,37,18,24,15,6,14,8,4,5
Kyle,Davies,1,15,0,1,9,3,0,2,0,0,2,0,0,1
Doug,Davis,1,73,9,13,12,13,12,14,0,1,3,3,3,0
J.J.,Davis,0,26,24,2,0,0,0,0,5,1,0,0,0,0
Jason,Davis,1,2,0,0,2,0,0,0,0,0,0,0,0,0
Steven,Day,1,11,6,2,0,0,0,3,1,0,0,0,0,1
David,DeJesus,0,461,86,89,104,112,70,0,26,22,31,37,19,0
Carlos,Delgado,0,521,80,98,100,82,64,97,24,32,29,21,17,34
David,Dellucci,0,435,56,65,82,79,85,68,16,17,20,20,21,15
Ryan,Dempster,1,14,10,3,0,0,0,1,1,0,0,0,0,0
Christopher,Denorfia,0,38,0,0,0,0,0,38,0,0,0,0,0,10
Mark,DeRosa,0,148,8,8,25,21,38,48,1,0,5,7,11,12
Elmer,Dessens,1,10,3,0,2,1,0,4,0,0,0,0,0,0
Einar,Diaz,0,130,7,27,14,39,31,12,2,6,4,6,6,3
Matt,Diaz,0,89,20,30,14,0,0,25,4,8,4,0,0,9
Victor,Diaz,0,280,65,28,31,0,65,91,19,7,4,0,20,22
Mike,DiFelice,0,17,0,8,0,0,6,3,0,0,0,0,1,1
Joe,Dillon,0,36,0,10,9,0,0,17,0,3,0,0,0,3
Greg,Dobbs,0,142,13,18,3,0,32,76,3,2,1,0,7,22
John,Doe 1,0,364,0,26,12,107,107,112,0,5,4,33,28,29
John,Doe 2,0,211,0,0,0,15,88,108,0,0,0,4,20,30
John,Doe 3,0,65,0,0,0,0,27,38,0,0,0,0,8,8
John,Doe 4,0,39,32,7,0,0,0,0,5,0,0,0,0,0
John,Doe 5,0,32,0,0,0,0,26,6,0,0,0,0,8,1
Scott,Dohmann,1,1,0,0,0,0,1,0,0,0,0,0,0,0
Andrew,Dominique,0,2,0,2,0,0,0,0,0,0,0,0,0,0
Brendan,Donnelly,1,1,0,0,1,0,0,0,0,0,0,0,0,0
Sean,Douglass,1,2,0,0,2,0,0,0,0,0,0,0,0,0
Ryan,Doumit,0,231,0,0,55,41,66,69,0,0,12,5,24,18
Ryan,Drese,1,15,0,0,4,8,3,0,0,0,0,1,0,0
David,Drew,0,252,81,90,72,9,0,0,21,22,25,4,0,0
Jason,Dubois,0,187,26,67,44,36,14,0,9,15,10,8,2,0
Brandon,Duckworth,1,3,3,0,0,0,0,0,2,0,0,0,0,0
Christopher,Duffy,0,126,6,0,0,55,65,0,1,0,0,20,22,0
Zachary,Duke,1,28,0,0,0,10,11,7,0,0,0,0,2,2
Chris,Duncan,0,10,0,0,0,0,0,10,0,0,0,0,0,2
Adam,Dunn,0,543,72,95,85,97,90,104,21,19,21,27,21,25
Erubiel,Durazo,0,152,84,68,0,0,0,0,21,15,0,0,0,0
Ray,Durham,0,497,72,72,92,72,91,98,16,24,26,26,27,25
Trent,Durrington,0,14,0,0,3,4,3,4,0,0,0,3,0,0
Jermaine,Dye,0,529,80,91,89,72,99,98,14,25,30,21,27,28
Damion,Easley,0,267,33,69,26,43,56,40,6,19,6,9,12,12
Adam,Eaton,1,46,10,17,5,0,2,12,0,5,3,0,0,0
David,Eckstein,0,630,77,116,98,101,127,111,20,38,26,22,41,38
Jim,Edmonds,0,467,66,90,64,79,88,80,17,27,19,17,23,20
Mike,Edwards,0,239,0,41,53,68,18,59,0,12,17,15,3,12
Joey,Eischen,1,3,1,0,0,1,1,0,1,0,0,0,0,0
Scott,Elarton,1,2,0,0,2,0,0,0,0,0,0,0,0,0
Bradley,Eldred,0,190,0,0,0,23,84,83,0,0,0,4,21,17
Cal,Eldred,1,2,0,0,1,0,1,0,0,0,0,0,0,0
Mark,Ellis,0,434,61,60,46,65,87,115,17,17,14,21,27,41
Jason,Ellison,0,352,35,88,103,86,25,15,16,23,27,20,7,0
Edwin,Encarnacion,0,211,0,0,8,37,84,82,0,0,0,12,18,19
Juan,Encarnacion,0,506,76,98,88,91,64,89,21,26,24,34,19,21
Morgan,Ensberg,0,526,69,94,94,110,91,68,17,28,27,33,24,20
Scott,Erickson,1,13,7,6,0,0,0,0,1,1,0,0,0,0
Darin,Erstad,0,609,105,97,108,104,94,101,30,25,35,26,27,23
Felix,Escalona,0,14,0,0,0,0,12,2,0,0,0,0,3,1
Kelvim,Escobar,1,1,0,0,1,0,0,0,0,0,0,0,0,0
Michael,Esposito,1,5,0,0,0,0,0,5,0,0,0,0,0,1
Shawn,Estes,1,29,8,7,6,2,0,6,0,0,0,1,0,1
Johnny,Estrada,0,357,66,85,72,57,30,47,16,25,21,11,9,11
Dana,Eveland,1,1,0,0,0,1,0,0,0,0,0,0,0,0
Adam,Everett,0,549,71,94,95,101,95,93,17,20,25,27,26,21
Carl,Everett,0,490,82,81,60,72,87,108,23,16,21,16,25,22
Scott,Eyre,1,2,1,0,0,0,0,1,0,0,0,0,0,0
Sal,Fasano,0,159,0,21,57,51,19,11,0,5,17,11,4,3
Jeff,Fassero,1,13,0,5,3,0,3,2,0,0,0,0,0,0
Pedro,Feliz,0,569,92,91,99,99,95,93,26,24,28,25,22,17
Robert,Fick,0,230,0,14,66,40,41,69,0,6,19,12,11,13
Prince,Fielder,0,59,0,0,26,2,4,27,0,0,8,1,1,7
Chone,Figgins,0,642,92,100,110,109,117,114,29,22,31,36,31,37
Steve,Finley,0,406,87,86,67,55,63,48,13,25,16,14,9,13
Jeffrey,Fiorentino,0,44,0,44,0,0,0,0,0,11,0,0,0,0
John,Flaherty,0,127,13,23,21,23,25,22,2,6,3,1,5,4
Rany,Flores,1,1,1,0,0,0,0,0,0,0,0,0,0,0
Cliff,Floyd,0,550,71,99,96,90,93,101,26,20,31,22,27,24
Gavin,Floyd,1,9,6,0,0,0,0,3,1,0,0,0,0,0
Josh,Fogg,1,47,5,12,8,10,9,3,1,1,0,3,0,0
Mike,Fontenot,0,2,1,1,0,0,0,0,0,0,0,0,0,0
Lew,Ford,0,522,78,93,77,75,107,92,23,24,20,13,32,26
Casey,Fossum,1,2,0,1,1,0,0,0,0,0,0,0,0,0
Jeffrey,Francis,1,58,9,12,7,11,10,9,1,0,2,3,0,0
Julio,Franco,0,233,37,46,43,34,34,39,9,10,16,10,11,8
Jeff,Francoeur,0,257,0,0,0,46,109,102,0,0,0,19,34,24
Ryan,Franklin,1,4,0,0,4,0,0,0,0,0,0,0,0,0
Ryan,Freel,0,369,44,92,45,41,44,103,15,28,9,15,8,25
Rapheal,Freeman,0,22,0,0,0,0,6,16,0,0,0,0,1,5
Aaron,Fultz,1,3,1,0,1,0,1,0,0,0,1,0,0,0
Rafael,Furcal,0,616,101,109,94,105,98,109,23,25,23,41,28,35
Jason,Furmaniak,0,26,0,0,0,0,0,26,0,0,0,0,0,5
John,Gall,0,37,0,0,0,8,10,19,0,0,0,2,2,6
Eddy,Garabito,0,88,0,3,62,21,2,0,0,1,20,6,0,0
Freddy,Garcia,1,7,0,2,5,0,0,0,0,0,0,0,0,0
Jesse,Garcia,0,36,25,11,0,0,0,0,3,3,0,0,0,0
Nomar,Garciaparra,0,230,51,0,0,0,68,111,8,0,0,0,23,34
Ryan,Garko,0,1,0,0,0,0,0,1,0,0,0,0,0,0
Jon,Garland,1,2,0,0,2,0,0,0,0,0,1,0,0,0
Joey,Gathright,0,203,20,0,0,57,63,63,7,0,0,14,18,17
Geoff,Geary,1,6,0,0,2,2,1,1,0,0,1,0,0,0
Esteban,German,0,4,0,0,0,0,0,4,0,0,0,0,0,3
Jody,Gerut,0,170,0,39,65,48,18,0,0,14,16,9,4,0
Jason,Giambi,0,417,67,54,58,76,76,86,15,13,18,27,19,21
Tony,Giarratano,0,42,0,0,42,0,0,0,0,0,6,0,0,0
Jay,Gibbons,0,488,69,90,81,60,86,102,16,27,20,15,23,34
Geronimo,Gil,0,125,29,26,36,3,0,31,7,3,8,1,0,5
Brian,Giles,0,545,84,99,86,86,96,94,17,36,23,27,32,29
Marcus,Giles,0,577,65,108,96,94,111,103,21,28,29,30,36,24
Keith,Ginter,0,137,34,49,26,19,4,5,6,8,4,3,1,0
Charles,Gipson,0,11,0,0,0,0,0,11,0,0,0,0,0,2
Troy,Glaus,0,538,90,95,94,86,92,81,24,24,24,21,27,19
Tom,Glavine,1,64,7,12,5,9,15,16,1,1,0,1,4,6
Ross,Gload,0,42,13,0,0,10,0,19,2,0,0,1,0,4
Gary,Glover,1,20,8,8,1,0,0,3,0,1,1,0,0,0
Ryan,Glynn,1,1,0,0,1,0,0,0,0,0,0,0,0,0
Tyrell,Godwin,0,3,0,3,0,0,0,0,0,0,0,0,0,0
Jonny,Gomes,0,348,20,3,50,78,97,100,6,1,14,23,26,28
Alexis,Gomez,0,16,0,0,16,0,0,0,0,0,3,0,0,0
Chris,Gomez,0,219,11,26,78,18,40,46,6,10,17,4,13,11
Adrian,Gonzalez,0,150,36,0,0,12,30,72,7,0,0,4,6,17
Alex,Gonzalez,0,349,58,49,42,30,88,82,16,10,13,8,22,25
Alex,Gonzalez,0,435,66,90,100,70,100,9,17,27,26,21,21,3
Juan,Gonzalez,0,1,0,1,0,0,0,0,0,0,0,0,0,0
Luis,Gonzalez,0,579,90,98,99,102,104,86,27,28,32,24,26,20
Luis,Gonzalez,0,404,35,58,54,82,94,81,9,17,14,24,28,26
Wiki,Gonzalez,0,45,0,16,0,8,21,0,0,6,0,2,4,0
Thomas,Gorzelanny,1,1,0,0,0,0,0,1,0,0,0,0,0,0
Michael,Gosling,1,6,0,0,0,6,0,0,0,0,0,0,0,0
Ruben,Gotay,0,282,72,61,69,71,9,0,15,17,19,12,1,0
Jason,Grabowski,0,112,23,10,43,28,0,8,3,2,9,3,0,1
Tony,Graffanino,0,379,63,46,60,53,77,80,13,19,20,14,26,25
Curtis,Granderson,0,162,0,0,0,22,38,102,0,0,0,7,9,28
Andy,Green,0,31,0,0,0,0,0,31,0,0,0,0,0,7
Nicholas,Green,0,318,35,83,65,63,39,33,12,23,14,12,9,6
Shawn,Green,0,581,91,99,98,105,91,97,23,27,30,34,28,24
Khalil,Greene,0,436,33,74,101,86,49,93,8,23,22,21,15,20
Todd,Greene,0,126,32,59,7,0,13,15,9,15,3,0,1,4
Zack,Greinke,1,2,0,0,2,0,0,0,0,0,1,0,0,0
Seth,Greisinger,1,2,0,0,2,0,0,0,0,0,0,0,0,0
Ben,Grieve,0,20,5,7,0,2,0,6,2,1,0,2,0,0
Ken,GriffeyJr.,0,491,82,106,89,90,107,17,20,30,27,27,38,6
John-Ford,Griffin,0,13,0,0,0,0,0,13,0,0,0,0,0,4
Marquis,Grissom,0,137,80,29,14,14,0,0,17,5,4,3,0,0
Gabe,Gross,0,92,6,5,14,13,0,54,0,0,5,4,0,14
Mark,Grudzielanek,0,528,76,99,105,99,76,73,25,33,24,27,28,18
Vladimir,Guerrero,0,520,94,58,79,101,97,91,33,13,35,21,33,30
Matthew,Guerrier,1,1,0,0,1,0,0,0,0,0,0,0,0,0
Aaron,Guiel,0,109,0,0,0,0,22,87,0,0,0,0,2,30
Carlos,Guillen,0,334,78,77,29,111,26,13,30,26,7,31,8,5
Jose,Guillen,0,551,89,101,94,102,92,73,27,31,28,30,29,11
Franklin,Gutierrez,0,1,0,0,0,0,0,1,0,0,0,0,0,0
Cristian,Guzman,0,456,86,89,79,42,77,83,18,14,19,4,18,27
Yamid,Haad,0,28,0,0,0,0,17,11,0,0,0,0,1,1
Travis,Hafner,0,486,75,81,87,44,99,100,22,20,30,17,32,27
Scott,Hairston,0,20,8,0,12,0,0,0,2,0,0,0,0,0
Jerry,HairstonJr.,0,380,59,82,37,99,45,58,15,22,11,25,13,13
John,Halama,1,5,0,0,0,0,3,2,0,0,0,0,0,1
Bill,Hall,0,501,35,86,108,80,92,100,8,27,31,18,25,37
Toby,Hall,0,432,59,77,70,68,81,77,19,23,13,23,23,23
Roy,Halladay,1,2,0,0,2,0,0,0,0,0,0,0,0,0
Bradford,Halsey,1,48,10,11,6,13,8,0,0,1,0,2,0,0
Chris,Hammond,1,3,1,1,0,1,0,0,0,0,0,0,0,0
Jeffrey,Hammonds,0,32,0,32,0,0,0,0,0,7,0,0,0,0
Mike,Hampton,1,25,14,8,0,0,3,0,5,2,0,0,1,0
Dave,Hansen,0,75,0,9,21,8,16,21,0,1,5,1,4,2
Aaron,Harang,1,74,12,14,7,14,12,15,1,0,0,0,1,0
James,Hardy,0,372,56,55,48,73,55,85,8,12,9,20,15,28
Dan,Haren,1,5,0,2,3,0,0,0,0,1,1,0,0,0
Travis,Harper,1,1,0,0,1,0,0,0,0,0,0,0,0,0
Brendan,Harris,0,9,0,9,0,0,0,0,0,3,0,0,0,0
Lenny,Harris,0,70,8,14,10,14,12,12,3,5,3,3,3,5
Willie,Harris,0,121,29,19,18,26,5,24,9,5,1,5,2,9
Corey,Hart,0,57,0,0,0,0,43,14,0,0,0,0,9,2
Ken,Harvey,0,45,14,31,0,0,0,0,6,4,0,0,0,0
Chad,Harville,1,1,0,0,1,0,0,0,0,0,0,0,0,0
Scott,Hatteberg,0,464,86,91,58,76,56,97,23,26,18,20,14,18
Bradley,Hawpe,0,305,50,78,68,28,0,81,19,19,19,9,0,14
Aaron,Heilman,1,14,7,5,0,1,1,0,0,0,0,0,0,0
Chris,Heintz,0,25,0,0,0,0,0,25,0,0,0,0,0,5
Rick,Helling,1,13,0,0,0,0,1,12,0,0,0,0,0,0
Wes,Helms,0,168,13,30,37,30,36,22,1,11,12,7,13,6
Todd,Helton,0,509,75,99,95,75,70,95,20,25,26,30,25,37
Mark,Hendrickson,1,7,0,2,5,0,0,0,0,0,1,0,0,0
Brad,Hennessey,1,39,0,8,1,9,10,11,0,1,0,2,3,3
Clay,Hensley,1,6,0,0,0,1,2,3,0,0,0,0,0,1
Jeremy,Hermida,0,41,0,0,0,0,1,40,0,0,0,0,1,11
Anderson,Hernandez,0,18,0,0,0,0,0,18,0,0,0,0,0,1
Jose,Hernandez,0,234,40,33,40,44,40,37,9,7,11,13,7,7
Livan,Hernandez,1,82,13,15,10,16,15,13,2,4,1,3,6,4
Orlando,Hernandez,1,3,0,0,3,0,0,0,0,0,1,0,0,0
Ramon,Hernandez,0,369,84,96,56,50,0,83,24,30,12,12,0,29
Runelvys,Hernandez,1,5,0,0,5,0,0,0,0,0,0,0,0,0
Richard,Hidalgo,0,308,75,75,79,73,6,0,13,23,11,20,1,0
Bobby,Higginson,0,26,20,6,0,0,0,0,2,0,0,0,0,0
Aaron,Hill,0,361,0,41,90,91,51,88,0,17,30,19,13,20
Bobby,Hill,0,93,34,26,18,15,0,0,10,6,5,4,0,0
Koyie,Hill,0,78,33,19,0,9,5,12,6,5,0,2,2,2
Richard,Hill,1,6,0,0,2,3,1,0,0,0,1,1,0,0
Shea,Hillenbrand,0,594,100,103,94,100,104,93,39,26,25,28,27,28
Eric,Hinske,0,477,83,86,76,78,66,88,24,25,10,19,23,24
Denny,Hocking,0,60,0,0,0,0,39,21,0,0,0,0,9,7
Aaron,Holbert,0,27,0,0,0,0,4,23,0,0,0,0,1,5
Todd,Hollandsworth,0,303,68,36,75,66,27,31,17,4,27,13,9,4
Matthew,Holliday,0,479,86,86,24,50,116,117,25,24,8,19,35,36
Damon,Hollins,0,342,0,80,75,76,55,56,0,26,16,22,10,11
Kevin,Hooper,0,5,0,0,0,5,0,0,0,0,0,1,0,0
Dennis,Houlton,1,30,0,0,8,7,7,8,0,0,2,1,0,0
Ryan,Howard,0,312,0,28,0,90,88,106,0,6,0,26,27,31
James,Howell,1,3,0,0,3,0,0,0,0,0,0,0,0,0
Bob,Howry,1,1,0,0,1,0,0,0,0,0,0,0,0,0
Justin,Huber,0,78,0,0,12,0,0,66,0,0,3,0,0,14
Ken,Huckaby,0,87,2,41,13,16,12,3,1,5,1,4,6,1
Luke,Hudson,1,25,0,0,4,8,10,3,0,0,0,3,4,1
Orlando,Hudson,0,461,96,90,83,70,99,23,27,21,18,25,29,5
Tim,Hudson,1,65,11,12,3,6,18,15,1,2,0,2,1,3
Aubrey,Huff,0,575,85,97,92,100,105,96,23,20,26,32,24,25
Torii,Hunter,0,372,83,98,91,100,0,0,20,23,30,27,0,0
Adam,Hyzdu,0,36,16,4,0,6,0,10,2,1,0,0,0,4
Raul,Ibanez,0,614,85,101,103,102,106,117,25,28,33,30,24,32
Tadahito,Iguchi,0,511,78,91,82,75,89,96,26,25,20,22,23,26
Omar,Infante,0,406,79,74,59,62,54,78,19,17,11,17,12,14
Brandon,Inge,0,616,81,109,105,105,100,116,27,32,28,21,27,26
Kazuhisa,Ishii,1,25,4,7,6,7,0,1,0,3,2,0,0,0
Cesar,Izturis,0,444,102,117,86,69,70,0,34,41,9,17,13,0
Maicer,Izturis,0,191,20,0,39,72,40,20,4,0,15,17,7,4
Conor,Jackson,0,85,0,0,0,5,36,44,0,0,0,2,5,10
Damian,Jackson,0,275,0,62,62,69,63,19,0,16,17,21,10,6
Edwin,Jackson,1,10,0,0,0,0,4,6,0,0,0,0,0,2
Michael,Jacobs,0,100,0,0,0,0,29,71,0,0,0,0,9,22
Chuck,James,1,1,0,0,0,0,0,1,0,0,0,0,0,1
Geoff,Jenkins,0,538,78,103,76,95,87,99,19,28,16,36,27,31
Jason,Jennings,1,38,10,11,6,11,0,0,2,1,1,2,0,0
Ryan,Jensen,1,1,0,0,1,0,0,0,0,0,0,0,0,0
Derek,Jeter,0,654,90,109,104,110,119,122,31,28,33,34,40,36
D'Angelo,Jimenez,0,105,68,37,0,0,0,0,14,10,0,0,0,0
Ben,Johnson,0,75,0,0,0,14,11,50,0,0,0,2,4,10
Charles,Johnson,0,46,17,24,5,0,0,0,4,5,0,0,0,0
Dan,Johnson,0,375,0,17,76,77,101,104,0,3,23,28,29,20
Jason,Johnson,1,2,0,0,2,0,0,0,0,0,1,0,0,0
Joshua,Johnson,1,4,0,0,0,0,0,4,0,0,0,0,0,1
Kelly,Johnson,0,290,0,9,86,99,78,18,0,0,23,21,22,4
Nick,Johnson,0,453,79,104,73,23,104,70,23,36,23,7,23,19
Randy,Johnson,1,8,0,2,6,0,0,0,0,0,0,0,0,0
Reed,Johnson,0,398,47,71,69,60,88,63,13,23,12,20,23,16
Russ,Johnson,0,18,0,8,8,2,0,0,0,1,3,0,0,0
Andruw,Jones,0,586,88,99,101,95,103,100,21,28,32,24,28,21
Chipper,Jones,0,358,64,75,17,40,70,92,24,20,0,11,25,26
Jacque,Jones,0,523,68,90,98,95,80,92,24,20,24,28,14,20
Todd,Jones,1,3,0,0,0,0,2,1,0,0,0,0,1,0
Brian,Jordan,0,231,83,68,56,2,0,22,20,16,15,0,0,6
Ryan,Jorgensen,0,4,0,0,0,0,4,0,0,0,0,0,0,0
Gabe,Kapler,0,97,0,0,0,7,65,25,0,0,0,2,16,6
Matt,Kata,0,37,15,13,3,4,0,2,3,3,0,1,0,0
Scott,Kazmir,1,1,0,0,1,0,0,0,0,0,0,0,0,0
Austin,Kearns,0,387,63,89,18,33,83,101,15,20,3,10,23,22
Randy,Keisler,1,15,0,2,3,0,3,7,0,1,2,0,0,1
Kenny,Kelly,0,13,0,0,8,1,0,4,0,0,3,0,0,1
Jason,Kendall,0,601,89,94,90,103,114,111,23,22,27,32,23,36
Adam,Kennedy,0,416,0,80,85,82,86,83,0,20,37,24,23,21
Joe,Kennedy,1,29,11,11,4,3,0,0,2,2,1,0,0,0
Jeff,Kent,0,553,84,100,97,85,97,90,28,20,37,27,24,24
Bobby,Kielty,0,377,36,79,83,77,75,27,7,26,24,21,13,8
Byung-Hyun,Kim,1,38,0,3,6,6,12,11,0,0,0,0,1,2
Sun-Woo,Kim,1,19,0,0,2,2,5,10,0,0,0,0,0,2
Matt,Kinney,1,3,0,0,0,0,0,3,0,0,0,0,0,1
Ryan,Klesko,0,443,77,91,86,74,60,55,20,24,26,17,13,10
Justin,Knoedler,0,10,0,0,0,0,0,10,0,0,0,0,0,1
Danny,Kolb,1,1,1,0,0,0,0,0,0,0,0,0,0,0
Paul,Konerko,0,575,87,97,92,92,100,107,19,22,27,29,30,36
Mike,Koplove,1,2,0,0,1,0,1,0,0,0,0,0,0,0
John,Koronka,1,4,0,0,4,0,0,0,0,0,0,0,0,0
Corey,Koskie,0,354,91,58,0,25,86,94,23,14,0,7,21,23
Casey,Kotchman,0,126,0,4,6,0,60,56,0,0,0,0,16,19
Mark,Kotsay,0,582,99,106,102,91,86,98,32,27,26,21,27,30
Dave,Krynzel,0,7,0,0,7,0,0,0,0,0,0,0,0,0
John,Lackey,1,6,0,2,4,0,0,0,0,0,0,0,0,0
Pete,LaForest,0,64,0,0,0,11,31,22,0,0,0,3,7,1
Gerald,Laird,0,40,0,0,4,0,0,36,0,0,0,0,0,9
Tim,Laker,0,1,1,0,0,0,0,0,0,0,0,0,0,0
Mike,Lamb,0,322,37,92,24,51,41,77,9,17,6,12,7,25
Jason,Lane,0,517,88,68,85,82,83,111,26,8,22,26,24,32
Ryan,Langerhans,0,326,20,60,77,56,44,69,3,12,25,12,12,23
Adam,LaRoche,0,451,63,77,79,69,89,74,13,21,22,20,18,23
Jason,LaRue,0,361,58,64,53,49,69,68,13,16,16,15,17,17
Brian,Lawrence,1,59,9,9,10,13,10,8,0,2,0,1,0,2
Matt,Lawton,0,500,84,106,91,93,95,31,25,23,26,28,21,4
Matthew,LeCroy,0,304,52,40,25,34,90,63,16,8,8,9,22,16
Ricky,Ledee,0,237,45,77,7,39,45,24,14,21,1,11,15,4
Carlos,Lee,0,618,93,112,98,103,106,106,20,34,29,25,28,28
Cliff,Lee,1,8,0,3,5,0,0,0,0,0,0,0,0,0
Derrek,Lee,0,594,86,96,108,99,102,103,36,30,44,30,29,30
Travis,Lee,0,404,66,40,73,69,76,80,19,10,16,19,28,18
Justin,Lehr,1,3,0,0,0,0,2,1,0,0,0,0,0,0
Al,Leiter,1,18,5,8,4,1,0,0,0,0,0,0,0,0
Al,Levine,1,2,2,0,0,0,0,0,0,0,0,0,0,0
Cory,Lidle,1,58,6,10,10,10,9,13,1,2,2,2,1,0
Jon,Lieber,1,73,14,12,7,10,13,17,0,0,2,1,0,4
Mike,Lieberthal,0,392,71,56,76,55,65,69,17,13,16,14,22,21
Jeff,Liefer,0,56,0,0,0,26,29,1,0,0,0,6,5,0
Kerry,Ligtenberg,1,1,0,1,0,0,0,0,0,0,0,0,0,0
Ted,Lilly,1,3,0,0,3,0,0,0,0,0,0,0,0,0
Jose,Lima,1,3,0,0,3,0,0,0,0,0,1,0,0,0
Todd,Linden,0,171,0,0,53,5,54,59,0,0,10,0,19,8
Scott,Linebrink,1,1,0,1,0,0,0,0,0,0,0,0,0,0
Esteban,Loaiza,1,74,12,12,8,11,16,15,2,2,3,2,3,0
Paul,LoDuca,0,445,67,78,101,85,45,69,22,19,33,26,13,13
Kenny,Lofton,0,367,51,26,70,70,69,81,19,10,27,15,18,34
Exavier,Logan,0,322,45,98,78,49,32,20,19,24,20,13,3,4
Kyle,Lohse,1,5,0,0,5,0,0,0,0,0,0,0,0,0
Terrence,Long,0,455,62,69,80,70,78,96,15,14,29,22,18,29
Aquilino,Lopez,1,1,0,0,0,1,0,0,0,0,0,0,0,0
Felipe,Lopez,0,580,27,115,105,114,104,115,7,35,35,30,24,38
Javy,Lopez,0,395,80,82,0,31,104,98,27,18,0,7,35,23
Jose,Lopez,0,190,0,0,20,59,7,104,0,0,5,13,3,26
Luis,Lopez,0,27,0,16,11,0,0,0,0,3,3,0,0,0
Pedro,Lopez,0,7,0,7,0,0,0,0,0,2,0,0,0,0
Rodrigo,Lopez,1,4,0,0,4,0,0,0,0,0,0,0,0,0
Mark,Loretta,0,404,101,59,0,49,90,105,30,18,0,11,29,25
Derek,Lowe,1,65,12,11,8,10,13,11,2,2,1,2,1,2
Mike,Lowell,0,500,81,84,92,87,92,64,16,17,23,28,19,15
Noah,Lowry,1,59,9,7,7,11,13,12,3,1,3,2,4,3
Ryan,Ludwick,0,41,26,15,0,0,0,0,4,5,0,0,0,0
Julio,Lugo,0,616,96,108,105,112,94,101,27,28,32,40,28,27
Hector,Luna,0,137,11,0,5,18,49,54,3,0,0,5,17,14
John,Mabry,0,246,12,66,51,44,43,30,2,19,11,15,9,3
Alejandro,Machado,0,5,0,0,0,0,0,5,0,0,0,0,0,1
Andrew,Machado,0,12,0,0,0,12,0,0,0,0,0,0,0,0
Jose,Macias,0,177,22,22,22,28,34,49,4,8,6,9,8,10
Rob,Mackowiak,0,463,63,64,99,68,81,88,17,25,26,11,24,23
Greg,Maddux,1,76,9,12,10,14,14,17,1,2,2,5,3,0
Ryan,Madson,1,6,2,2,1,0,0,1,0,0,0,0,0,0
Chris,Magruder,0,138,24,20,32,26,28,8,5,7,4,7,3,2
Mike,Mahoney,0,64,0,0,0,33,29,2,0,0,0,7,3,0
Gary,Majewski,1,6,1,2,1,1,0,1,0,0,0,0,0,0
Mike,Maroth,1,4,0,0,4,0,0,0,0,0,2,0,0,0
Jason,Marquis,1,87,11,17,10,16,20,13,3,5,6,4,8,1
Eli,Marrero,0,138,53,35,28,22,0,0,11,3,8,3,0,0
Andy,Marte,0,57,0,0,35,9,0,13,0,0,7,0,0,1
Pedro,Martinez,1,69,14,13,10,12,12,8,0,0,3,2,0,1
Ramon,Martinez,0,112,2,47,17,16,16,14,1,11,4,6,5,4
Tino,Martinez,0,303,63,72,38,48,64,18,15,19,5,10,20,4
Victor,Martinez,0,547,82,75,95,93,97,105,17,16,28,30,39,37
Henry,Mateo,0,1,0,1,0,0,0,0,0,0,0,0,0,0
Mike,Matheny,0,443,69,70,64,77,78,85,18,17,14,21,20,17
Jeffery,Mathis,0,3,0,0,0,0,2,1,0,0,0,0,0,1
Luis,Matos,0,389,69,28,38,84,77,93,22,6,9,23,25,24
David,Matranga,0,1,0,1,0,0,0,0,0,0,0,0,0,0
Hideki,Matsui,0,629,92,107,93,104,118,115,23,29,37,33,30,40
Kazuo,Matsui,0,267,79,69,36,0,32,51,21,15,7,0,7,18
Gary,MatthewsJr.,0,475,73,39,46,97,110,110,16,12,10,28,29,26
Joe,Mauer,0,489,69,68,72,89,102,89,21,21,19,29,32,22
Darrell,May,1,9,0,5,4,0,0,0,0,0,1,0,0,0
Joe,Mays,1,3,0,0,3,0,0,0,0,0,1,0,0,0
Paul,McAnulty,0,24,0,0,8,1,0,15,0,0,2,0,0,3
Brian,McCann,0,180,0,0,26,31,71,52,0,0,10,6,19,15
Brandon,McCarthy,1,2,0,2,0,0,0,0,0,0,0,0,0,0
David,McCarty,0,4,4,0,0,0,0,0,2,0,0,0,0,0
Quinton,McCracken,0,215,58,35,38,35,22,27,14,5,9,12,3,8
John,McDonald,0,166,26,28,23,25,27,37,9,9,4,7,9,8
Marshall,McDougall,0,18,0,0,5,0,8,5,0,0,2,0,0,1
Joe,McEwing,0,180,27,29,24,32,38,30,10,5,7,7,8,6
Nathan,McLouth,0,109,0,0,2,0,31,76,0,0,0,0,5,23
Dallas,McPherson,0,205,38,78,69,20,0,0,8,20,17,5,0,0
Brian,Meadows,1,1,0,0,0,0,0,1,0,0,0,0,0,0
Gil,Meche,1,4,0,0,4,0,0,0,0,0,1,0,0,0
Adam,Melhuse,0,97,8,18,18,11,26,16,1,3,2,5,10,3
Kevin,Mench,0,557,76,72,101,105,96,107,22,23,29,23,27,23
Frank,Menechino,0,148,22,31,22,29,19,25,4,7,5,7,3,6
Lou,Merloni,0,5,4,1,0,0,0,0,0,0,0,0,0,0
Jose,Mesa,1,1,0,0,0,1,0,0,0,0,0,0,0,0
Randy,Messenger,1,3,0,0,0,2,0,1,0,0,0,1,0,0
Jason,Michaels,0,289,45,55,55,47,41,46,16,13,17,15,14,13
Doug,Mientkiewicz,0,275,80,77,44,35,7,32,19,14,11,11,5,6
Aaron,Miles,0,324,76,62,12,83,59,32,24,17,1,24,16,9
Kevin,Millar,0,449,75,98,61,72,83,60,19,22,23,21,21,16
Corky,Miller,0,12,12,0,0,0,0,0,0,0,0,0,0,0
Damian,Miller,0,385,69,64,48,69,64,71,21,16,13,17,13,25
Wade,Miller,1,3,0,0,3,0,0,0,0,0,2,0,0,0
Kevin,Millwood,1,2,0,2,0,0,0,0,0,0,0,0,0,0
Eric,Milton,1,56,9,11,6,13,10,7,0,5,0,2,1,0
Doug,Mirabelli,0,136,16,20,16,33,22,29,3,4,6,6,6,6
Sergio,Mitre,1,11,0,3,8,0,0,0,0,0,4,0,0,0
Brian,Moehler,1,40,4,8,8,11,4,5,0,1,1,1,0,0
Chad,Moeller,0,199,21,39,45,34,32,28,2,4,14,10,5,6
Dustan,Mohr,0,266,9,54,57,48,70,28,1,12,9,14,14,7
Bengie,Molina,0,410,31,46,67,89,88,89,10,13,19,27,29,23
Jose,Molina,0,184,31,46,29,27,23,28,6,14,5,4,5,8
Yadier,Molina,0,385,68,81,86,20,45,85,11,26,24,4,11,21
Raul,Mondesi,0,142,81,61,0,0,0,0,17,13,0,0,0,0
Craig,Monroe,0,567,76,85,101,98,93,114,19,24,31,30,23,30
Melvin,Mora,0,593,95,113,69,99,103,114,30,32,21,27,24,34
Mike,Mordecai,0,2,0,0,0,0,0,2,0,0,0,0,0,0
Justin,Morneau,0,490,41,90,74,89,103,93,18,20,17,19,21,22
Matt,Morris,1,57,8,9,9,10,13,8,1,1,1,1,0,1
Michael,Morse,0,230,0,1,84,71,47,27,0,0,30,20,8,6
Julio,Mosquera,0,1,0,0,1,0,0,0,0,0,0,0,0,0
Guillermo,Mota,1,3,0,0,0,2,1,0,0,0,0,0,0,0
Jamie,Moyer,1,1,0,0,1,0,0,0,0,0,0,0,0,0
Bill,Mueller,0,519,55,90,82,94,93,105,14,25,26,26,34,28
Mark,Mulder,1,62,12,12,5,13,10,10,0,4,0,1,3,1
Eric,Munson,0,18,0,0,7,0,0,11,0,0,2,0,0,1
Donald,Murphy,0,77,0,0,0,28,38,11,0,0,0,7,5,0
Matthew,Murton,0,140,0,0,0,34,26,80,0,0,0,15,5,25
Mike,Mussina,1,3,0,0,3,0,0,0,0,0,0,0,0,0
Brett,Myers,1,65,8,13,5,14,12,13,0,1,0,3,2,4
Greg,Myers,0,12,12,0,0,0,0,0,1,0,0,0,0,0
Brian,Myrow,0,20,0,0,0,0,0,20,0,0,0,0,0,4
Xavier,Nady,0,326,69,29,52,62,70,44,17,10,13,18,16,11
Dioner,Navarro,0,176,0,0,0,9,81,86,0,0,0,3,22,23
Blaine,Neal,1,1,0,1,0,0,0,0,0,0,0,0,0,0
Phil,Nevin,0,380,96,102,59,28,79,16,22,32,15,3,17,1
David,Newhan,0,218,15,49,50,14,38,52,3,9,11,3,8,10
Lance,Niekro,0,278,37,56,54,49,44,38,11,16,16,11,9,7
Wilbert,Nieves,0,4,0,0,0,0,0,4,0,0,0,0,0,0
Dustin,Nippert,1,4,0,0,0,0,0,4,0,0,0,0,0,1
Ramon,Nivar,0,13,0,0,13,0,0,0,0,0,4,0,0,0
Laynce,Nix,0,229,35,76,86,32,0,0,13,18,17,7,0,0
Trot,Nixon,0,408,57,85,76,72,25,93,16,28,21,20,7,20
Hideo,Nomo,1,4,0,2,2,0,0,0,0,0,0,0,0,0
Roberto,Novoa,1,1,0,0,1,0,0,0,0,0,0,0,0,0
Abraham,Nunez,0,421,22,71,64,65,108,91,6,19,24,23,25,23
Wes,Obermueller,1,15,4,6,0,1,0,4,1,1,0,0,0,1
Jose,Offerman,0,105,18,15,2,30,31,9,3,3,2,7,6,3
Tomokazu,Ohka,1,54,10,5,4,11,12,12,4,0,0,1,0,1
Miguel,Ojeda,0,102,12,33,24,4,7,22,0,8,2,0,1,4
John,Olerud,0,173,0,14,23,50,26,60,0,6,9,10,11,14
Miguel,Olivo,0,267,58,52,3,39,86,29,10,6,1,6,26,9
Rainer,Olmedo,0,77,0,0,1,21,25,30,0,0,1,8,2,6
Scott,Olsen,1,3,0,0,1,2,0,0,0,0,0,0,0,0
Timothy,Olson,0,2,0,0,2,0,0,0,0,0,0,0,0,0
Magglio,Ordonez,0,305,10,0,0,105,93,97,0,0,0,36,30,26
Peter,Orr,0,150,45,19,25,24,21,16,13,5,8,9,4,6
David,Ortiz,0,601,90,106,100,94,102,109,23,35,32,26,29,35
Ramon,Ortiz,1,54,1,10,10,12,10,11,0,0,2,2,0,0
Russ,Ortiz,1,34,10,9,5,0,4,6,3,2,2,0,0,0
Daniel,Ortmeier,0,22,0,0,0,0,0,22,0,0,0,0,0,3
Keith,Osik,0,4,0,0,0,0,0,4,0,0,0,0,0,0
Franquelis,Osoria,1,3,0,0,1,0,0,2,0,0,0,0,0,0
Roy,Oswalt,1,73,13,9,11,13,11,16,2,1,1,2,2,5
Akinori,Otsuka,1,1,0,0,1,0,0,0,0,0,0,0,0,0
Lyle,Overbay,0,537,71,75,86,103,103,99,22,21,21,31,25,28
Chris,Oxspring,1,2,0,0,0,0,0,2,0,0,0,0,0,0
Pablo,Ozuna,0,203,20,18,34,39,36,56,5,5,11,11,11,13
Juan,Padilla,1,2,0,0,0,0,1,1,0,0,0,0,0,1
Vicente,Padilla,1,41,4,6,3,9,11,8,0,2,0,1,3,0
Orlando,Palmeiro,0,204,14,43,29,55,36,27,3,15,9,19,9,3
Rafael,Palmeiro,0,369,77,86,93,87,26,0,19,26,25,26,2,0
ChanHo,Park,1,19,0,0,5,0,10,4,0,0,2,0,2,1
Corey,Patterson,0,451,95,99,102,18,60,77,27,27,16,3,10,14
John,Patterson,1,59,8,5,5,13,15,13,1,0,0,0,3,2
Josh,Paul,0,37,16,10,3,3,0,5,2,2,0,2,0,1
Ronny,Paulino,0,4,0,0,0,0,0,4,0,0,0,0,0,2
Carl,Pavano,1,7,0,2,5,0,0,0,0,0,0,0,0,0
Jay,Payton,0,408,34,50,42,61,111,110,8,11,14,20,29,27
Jacob,Peavy,1,53,9,8,6,9,14,7,1,0,1,2,5,1
Brayan,Pena,0,39,0,9,14,0,7,9,0,3,0,0,1,3
Carlos,Pena,0,260,68,59,0,0,31,102,11,12,0,0,14,24
Wily,Pena,0,311,43,5,77,80,32,74,14,1,19,20,9,16
Hayden,Penn,1,1,0,0,1,0,0,0,0,0,0,0,0,0
Brad,Penny,1,50,3,13,6,9,13,6,0,2,1,1,1,3
Jhonny,Peralta,0,504,45,68,77,102,105,107,10,21,22,34,30,30
Antonio,Perez,0,259,5,35,91,51,36,41,2,16,25,18,9,7
Eddie,Perez,0,38,27,10,0,0,0,1,6,2,0,0,0,0
Eduardo,Perez,0,161,32,25,27,28,22,27,11,4,8,6,8,4
Miguel,Perez,0,3,0,0,0,0,0,3,0,0,0,0,0,0
Neifi,Perez,0,572,68,108,109,103,75,109,25,28,25,24,26,29
Odalis,Perez,1,33,11,5,0,9,7,1,1,0,0,2,1,0
Oliver,Perez,1,33,9,8,8,0,0,8,0,3,2,0,0,1
Timo,Perez,0,179,34,23,13,34,56,19,6,5,3,10,12,3
Tomas,Perez,0,159,12,42,28,44,18,15,3,12,5,12,4,1
Andy,Pettitte,1,62,8,6,8,13,14,13,0,0,2,1,1,1
Josh,Phelps,0,158,69,77,12,0,0,0,20,19,3,0,0,0
Brandon,Phillips,0,9,0,0,0,9,0,0,0,0,0,0,0,0
George,Phillips,0,40,16,16,0,2,2,4,4,1,0,0,1,0
Jason,Phillips,0,399,63,78,78,94,50,36,19,19,16,21,14,6
Paul,Phillips,0,67,0,0,0,0,31,36,0,0,0,0,8,10
Mike,Piazza,0,398,76,89,86,66,34,47,17,23,27,16,8,9
Calvin,Pickering,0,27,27,0,0,0,0,0,4,0,0,0,0,0
Jorge,Piedra,0,112,1,0,28,33,41,9,1,0,8,10,11,5
Juan,Pierre,0,656,91,106,107,111,125,116,27,24,28,34,31,37
Anthony,Pierzynski,0,460,67,70,77,76,87,83,18,18,19,22,22,19
Joel,Pineiro,1,4,0,0,4,0,0,0,0,0,0,0,0,0
Scott,Podsednik,0,507,67,102,81,91,57,109,17,31,24,28,12,35
Placido,Polanco,0,501,59,82,91,49,111,109,16,25,35,18,36,36
Cliff,Politte,1,1,0,0,1,0,0,0,0,0,1,0,0,0
Sidney,Ponson,1,4,0,0,4,0,0,0,0,0,1,0,0,0
Jorge,Posada,0,474,78,80,75,71,83,87,19,26,19,12,21,27
Todd,Pratt,0,175,12,39,23,34,28,39,2,10,5,10,8,9
Curtis,Pride,0,11,0,5,1,2,0,3,0,1,0,0,0,0
Chris,Prieto,0,2,0,2,0,0,0,0,0,0,0,0,0,0
Mark,Prior,1,48,7,11,0,11,10,9,3,1,0,2,2,3
Albert,Pujols,0,591,90,111,100,95,101,94,29,36,37,34,29,30
Nick,Punto,0,394,41,79,3,100,104,67,11,24,1,20,23,15
Chad,Qualls,1,1,0,0,0,0,0,1,0,0,0,0,0,0
Paul,Quantrill,1,1,0,0,0,1,0,0,0,0,0,0,0,0
Robb,Quinlan,0,134,27,28,8,0,18,53,4,5,1,0,9,12
Omar,Quintanilla,0,128,0,0,0,3,103,22,0,0,0,1,25,2
Humberto,Quintero,0,54,0,0,16,17,19,2,0,0,1,4,5,0
Guillermo,Quiroz,0,36,0,0,0,0,7,29,0,0,0,0,0,7
Brad,Radke,1,5,0,0,5,0,0,0,0,0,0,0,0,0
Aramis,Ramirez,0,463,83,97,96,106,81,0,20,28,35,35,22,0
Elizardo,Ramirez,1,8,0,6,0,2,0,0,0,0,0,0,0,0
Hanley,Ramirez,0,2,0,0,0,0,0,2,0,0,0,0,0,0
Horacio,Ramirez,1,73,9,8,16,14,16,10,1,3,5,2,3,2
Julio,Ramirez,0,4,0,0,0,0,0,4,0,0,0,0,0,1
Manny,Ramirez,0,554,84,94,94,81,91,110,23,22,30,22,31,34
Joe,Randa,0,555,78,91,97,88,106,95,21,28,30,21,26,27
Jon,Rauch,1,7,0,5,0,0,0,2,0,0,0,0,0,1
Tim,Redding,1,8,5,2,1,0,0,0,0,0,0,0,0,0
Mark,Redman,1,53,10,13,8,12,9,1,1,2,0,1,2,0
Tike,Redman,0,319,41,63,49,51,66,49,5,18,19,9,18,11
Mike,Redmond,0,148,10,37,31,27,31,12,3,9,6,10,12,6
Jeremy,Reed,0,488,79,93,75,75,92,74,19,29,17,17,23,19
Keith,Reed,0,5,0,5,0,0,0,0,0,1,0,0,0,0
Kevin,Reese,0,1,0,0,1,0,0,0,0,0,0,0,0,0
Chris,Reitsma,1,1,0,0,0,0,1,0,0,0,0,0,0,0
Desi,Relaford,0,210,30,54,91,35,0,0,9,17,19,2,0,0
Edgar,Renteria,0,623,92,99,104,95,117,116,21,35,24,26,40,26
Jason,Repko,0,276,46,32,41,79,29,49,11,7,4,24,4,11
Christopher,Resop,1,1,0,0,0,1,0,0,0,0,0,0,0,0
Michael,Restovich,0,115,26,29,16,8,26,10,9,5,5,2,6,0
Al,Reyes,1,1,0,0,0,1,0,0,0,0,0,0,0,0
Anthony,Reyes,1,4,0,0,0,0,3,1,0,0,0,0,0,0
Dennys,Reyes,1,5,1,1,1,2,0,0,0,0,0,1,0,0
Jose,Reyes,0,696,104,115,115,119,113,130,27,32,28,39,30,34
John,Riedling,1,2,0,2,0,0,0,0,0,0,0,0,0,0
Alexis,Rios,0,481,84,91,81,75,87,63,27,24,22,20,18,15
Luis,Rivas,0,136,41,28,23,16,0,28,8,6,8,5,0,8
Juan,Rivera,0,350,31,58,41,61,68,91,8,13,14,11,22,27
Rene,Rivera,0,48,0,5,28,0,0,15,0,3,9,0,0,7
Brian,Roberts,0,561,95,109,73,106,110,68,36,39,26,24,29,22
Dave,Roberts,0,411,40,100,62,55,84,70,12,29,17,6,27,22
Nathan,Robertson,1,3,0,0,3,0,0,0,0,0,0,0,0,0
Alex,Rodriguez,0,605,102,86,104,96,105,112,31,30,35,27,34,37
Ivan,Rodriguez,0,504,84,96,88,92,65,79,28,23,28,28,17,15
John,Rodriguez,0,149,0,0,0,42,80,27,0,0,0,14,22,8
Luis,Rodriguez,0,175,0,7,57,53,25,33,0,2,18,13,3,11
Ricardo,Rodriguez,1,3,0,0,3,0,0,0,0,0,1,0,0,0
Wandy,Rodriguez,1,40,0,4,8,10,9,9,0,1,2,0,2,1
Eddie,Rogers,0,1,0,0,0,0,0,1,0,0,0,0,0,1
Kenny,Rogers,1,3,0,0,3,0,0,0,0,0,1,0,0,0
Scott,Rolen,0,196,82,27,33,54,0,0,22,6,7,11,0,0
Jimmy,Rollins,0,677,101,118,112,99,117,130,26,31,34,31,22,52
Jason,Romano,0,30,0,10,13,7,0,0,0,3,4,1,0,0
Michael,Rose,0,43,0,4,21,13,0,5,0,0,5,3,0,1
Cody,Ross,0,25,0,0,14,11,0,0,0,0,2,2,0,0
David,Ross,0,125,41,38,23,11,10,2,9,8,5,3,4,1
Aaron,Rowand,0,578,86,97,88,95,106,106,20,31,25,29,26,25
Kirk,Rueter,1,30,8,10,9,3,0,0,2,2,1,0,0,0
Glendon,Rusch,1,41,2,11,8,0,8,12,0,2,1,0,1,2
Michael,Ryan,0,117,0,0,24,22,56,15,0,0,6,5,14,2
Kirk,Saarloos,1,1,0,0,1,0,0,0,0,0,0,0,0,0
Carsten,Sabathia,1,6,0,3,3,0,0,0,0,1,1,0,0,0
Raymond,Sadler,0,8,0,8,0,0,0,0,0,2,0,0,0,0
Olmedo,Saenz,0,319,31,54,67,52,54,61,11,18,17,13,15,10
Alex,Sanchez,0,176,39,78,25,34,0,0,11,29,7,10,0,0
Duaner,Sanchez,1,4,2,0,1,1,0,0,0,0,0,0,0,0
Freddy,Sanchez,0,453,43,44,66,80,98,122,12,13,17,24,26,40
Rey,Sanchez,0,43,10,24,9,0,0,0,4,6,2,0,0,0
Reggie,Sanders,0,295,61,83,84,25,0,42,13,23,28,7,0,9
Danny,Sandoval,0,2,0,0,0,2,0,0,0,0,0,0,0,0
Johan,Santana,1,6,0,0,6,0,0,0,0,0,1,0,0,0
Julio,Santana,1,1,0,1,0,0,0,0,0,0,0,0,0,0
Benito,Santiago,0,23,23,0,0,0,0,0,6,0,0,0,0,0
Ramon,Santiago,0,8,0,0,0,0,0,8,0,0,0,0,0,1
Victor,Santos,1,40,8,11,8,6,7,0,0,0,1,0,2,0
Dane,Sardinha,0,3,0,0,3,0,0,0,0,0,0,0,0,0
Jason,Schmidt,1,53,12,8,7,9,10,7,2,2,0,0,1,0
Stephen,Schmoll,1,1,0,0,0,0,1,0,0,0,0,0,0,0
Brian,Schneider,0,369,70,65,64,81,55,34,15,15,22,26,16,5
Jared,Schumaker,0,24,0,0,5,0,2,17,0,0,0,0,1,5
Luke,Scott,0,80,39,0,0,0,4,37,6,0,0,0,2,7
Marcos,Scutaro,0,381,69,82,65,37,47,81,19,18,19,9,8,21
Scott,Seabol,0,105,0,18,41,3,29,14,0,3,12,0,4,4
Aaron,Sele,1,3,0,0,3,0,0,0,0,0,0,0,0,0
Todd,Self,0,45,0,36,9,0,0,0,0,8,1,0,0,0
Jae,Seo,1,29,4,2,0,0,12,11,1,0,0,0,1,1
Richie,Sexson,0,558,75,93,98,92,95,105,19,23,22,34,20,29
Adam,Shabala,0,15,0,0,9,6,0,0,0,0,2,1,0,0
Brian,Shackelford,1,1,0,0,0,1,0,0,0,0,0,0,0,0
Ryan,Shealy,0,91,0,0,20,22,33,16,0,0,6,7,12,5
Ben,Sheets,1,45,8,1,9,13,14,0,0,0,0,0,1,0
Gary,Sheffield,0,584,94,88,95,103,108,96,31,28,24,31,31,25
Christopher,Shelton,0,388,0,3,71,120,85,109,0,1,24,42,19,30
Scot,Shields,1,1,0,1,0,0,0,0,0,0,0,0,0,0
Kelly,Shoppach,0,15,0,5,6,0,0,4,0,0,0,0,0,0
Rick,Short,0,15,0,0,1,1,0,13,0,0,1,0,0,5
Ruben,Sierra,0,170,26,8,45,26,0,65,7,0,10,13,0,9
Carlos,Silva,1,2,0,0,2,0,0,0,0,0,0,0,0,0
Chris,Singleton,0,59,31,28,0,0,0,0,8,8,0,0,0,0
Andrew,Sisco,1,1,0,0,1,0,0,0,0,0,0,0,0,0
Grady,Sizemore,0,640,73,105,106,124,110,122,17,30,40,29,33,36
Terrmel,Sledge,0,37,35,2,0,0,0,0,8,1,0,0,0,0
Jason,Smith,0,58,17,28,10,3,0,0,2,7,2,0,0,0
John,Smoltz,1,68,10,8,19,13,10,8,1,1,4,2,2,0
Ian,Snell,1,8,0,0,0,1,0,7,0,0,0,0,0,0
Chris,Snelling,0,29,0,0,0,9,20,0,0,0,0,2,6,0
Jack,Snow,0,367,59,48,59,66,70,65,19,12,13,18,20,19
Christopher,Snyder,0,326,49,72,68,57,39,41,11,16,16,12,4,7
Zach,Sorensen,0,12,0,0,0,3,0,9,0,0,0,0,0,2
Alfonso,Soriano,0,637,105,102,98,106,116,110,28,31,27,29,33,23
Jorge,Sosa,1,31,0,0,5,7,8,11,0,0,1,0,0,2
Sammy,Sosa,0,380,96,38,96,81,69,0,27,6,20,20,11,0
Geovany,Soto,0,1,0,0,0,0,0,1,0,0,0,0,0,0
Ryan,Speier,1,2,0,0,0,0,1,1,0,0,0,0,0,0
Scott,Spiezio,0,47,12,0,0,19,16,0,1,0,0,1,1,0
Ryan,Spilborghs,0,4,0,0,0,4,0,0,0,0,0,2,0,0
Junior,Spivey,0,259,88,77,76,18,0,0,20,19,20,1,0,0
Matt,Stairs,0,396,47,70,62,83,57,77,12,19,16,20,17,25
Mike,Stanton,1,1,0,0,0,0,0,1,0,0,0,0,0,0
Timothy,Stauffer,1,24,0,7,8,9,0,0,0,2,1,0,0,0
Adam,Stern,0,15,0,0,0,12,3,0,0,0,0,2,0,0
Shannon,Stewart,0,551,99,114,92,106,81,59,26,36,27,27,23,12
Kelly,Stinnett,0,129,0,0,27,24,43,35,0,0,7,8,12,5
Ricky,Stone,1,2,0,1,0,1,0,0,0,0,0,0,0,0
Jamal,Strong,0,20,0,0,0,0,11,9,0,0,0,0,3,2
Cory,Sullivan,0,378,27,53,50,76,70,102,11,13,16,18,15,38
Jeff,Suppan,1,58,7,10,8,11,11,11,1,2,2,3,0,4
William,Surhoff,0,303,34,66,46,44,43,70,7,22,13,6,12,18
Ichiro,Suzuki,0,679,101,111,111,110,119,127,36,32,27,40,29,42
Mark,Sweeney,0,221,19,31,46,48,40,37,6,8,14,17,13,7
Mike,Sweeney,0,470,96,86,32,89,90,77,27,29,8,30,24,23
Nicholas,Swisher,0,462,78,26,94,97,83,84,17,5,25,27,18,17
So,Taguchi,0,396,27,53,72,62,94,88,10,8,24,15,34,23
Willy,Taveras,0,592,75,105,102,112,110,88,20,25,35,36,34,22
Reggie,Taylor,0,22,0,0,22,0,0,0,0,0,4,0,0,0
Mark,Teahen,0,447,15,80,85,86,82,99,3,20,24,20,13,30
Mark,Teixeira,0,644,103,105,108,109,108,111,27,34,31,25,36,41
Miguel,Tejada,0,654,95,113,103,106,112,125,33,33,34,35,31,33
Robinson,Tejeda,1,20,0,0,6,7,7,0,0,0,0,1,1,0
Luis,Terrero,0,161,21,37,12,25,36,30,4,11,1,7,10,4
Marcus,Thames,0,107,26,51,8,0,0,22,4,12,0,0,0,5
Ryan,Theriot,0,13,0,0,0,0,0,13,0,0,0,0,0,2
Charles,Thomas,0,46,28,14,4,0,0,0,2,3,0,0,0,0
Frank,Thomas,0,105,0,2,53,50,0,0,0,0,12,11,0,0
Jim,Thome,0,193,79,29,85,0,0,0,16,7,17,0,0,0
Bradley,Thompson,1,6,0,1,0,2,3,0,0,0,0,0,1,0
Derek,Thompson,1,4,0,1,3,0,0,0,0,0,0,0,0,0
John,Thomson,1,25,8,5,0,0,6,6,1,3,0,0,0,1
Terry,Tiffee,0,150,25,34,8,11,46,26,7,5,1,3,10,5
Brett,Tomko,1,55,12,12,7,6,6,12,2,2,1,0,1,3
Tony,Torcato,0,11,11,0,0,0,0,0,3,0,0,0,0,0
Yorvit,Torrealba,0,201,13,25,33,22,54,54,5,4,9,3,15,11
Andres,Torres,0,19,0,13,6,0,0,0,0,2,1,0,0,0
Salomon,Torres,1,4,0,0,2,0,2,0,0,0,1,0,1,0
Josh,Towers,1,6,0,0,6,0,0,0,0,0,0,0,0,0
Steve,Trachsel,1,15,0,0,0,0,3,12,0,0,0,0,0,1
Chad,Tracy,0,503,78,87,69,87,84,98,22,23,29,21,23,37
Matt,Treanor,0,134,10,20,9,12,58,25,5,5,0,1,12,4
Michael,Tucker,0,268,53,46,36,73,43,17,13,9,14,18,6,4
Jason,Tyner,0,56,0,0,0,0,0,56,0,0,0,0,0,18
Juan,Uribe,0,481,63,89,63,80,90,96,18,20,15,20,20,28
Chase,Utley,0,543,48,78,94,104,99,120,14,24,30,34,23,33
Ismael,Valdez,1,13,0,0,0,1,7,5,0,0,0,0,2,0
Wilson,Valdez,0,139,75,51,0,0,13,0,15,10,0,0,3,0
Eric,Valent,0,43,22,21,0,0,0,0,3,5,0,0,0,0
Javier,Valentin,0,221,16,37,34,42,29,63,5,6,11,15,9,16
Jose,Valentin,0,147,57,10,0,5,58,17,12,1,0,2,8,2
Claudio,Vargas,1,36,0,2,3,10,14,7,0,1,0,1,1,1
Jason,Vargas,1,26,0,0,0,4,15,7,0,0,0,1,5,2
Jason,Varitek,0,470,73,85,74,74,79,85,24,26,22,22,22,16
Luis,Vasquez,1,1,0,0,1,0,0,0,0,0,0,0,0,0
Javier,Vazquez,1,63,9,12,6,14,10,12,2,4,1,4,1,3
Ramon,Vazquez,0,85,29,21,10,1,12,12,6,5,1,0,4,2
Michael,Vento,0,2,0,0,0,0,0,2,0,0,0,0,0,0
Shane,Victorino,0,17,0,0,0,0,0,17,0,0,0,0,0,5
Jose,Vidro,0,309,86,14,0,86,104,19,27,2,0,20,29,7
Ron,Villone,1,1,0,0,0,0,1,0,0,0,0,0,0,0
Jose,Vizcaino,0,187,16,51,20,27,31,42,5,11,5,6,11,8
Omar,Vizquel,0,568,88,97,90,97,92,104,27,25,31,27,22,22
Ryan,Vogelsong,1,9,0,2,1,2,2,2,0,0,0,1,0,0
Doug,Waechter,1,2,0,0,2,0,0,0,0,0,0,0,0,0
Billy,Wagner,1,3,0,2,0,0,0,1,0,1,0,0,0,0
Ryan,Wagner,1,1,0,0,0,1,0,0,0,0,0,0,0,0
Tim,Wakefield,1,8,0,0,8,0,0,0,0,0,2,0,0,0
Larry,Walker,0,315,72,72,49,47,29,46,19,18,12,16,9,17
Todd,Walker,0,397,21,16,81,117,91,71,8,3,26,33,28,23
Tyler,Walker,1,1,0,0,0,0,1,0,0,0,0,0,0,0
Chien-Ming,Wang,1,1,0,0,1,0,0,0,0,0,0,0,0,0
Daryle,Ward,0,407,49,101,96,79,45,37,12,28,28,17,15,6
John,Wasdin,1,1,0,0,1,0,0,0,0,0,0,0,0,0
Jarrod,Washburn,1,4,0,2,2,0,0,0,0,0,0,0,0,0
Brandon,Watson,0,40,0,0,0,0,19,21,0,0,0,0,3,4
Matt,Watson,0,48,0,21,12,0,3,12,0,4,1,0,0,4
Jeff,Weaver,1,70,12,13,7,11,14,13,3,4,1,2,6,0
Brandon,Webb,1,62,7,9,11,13,9,13,0,0,0,3,0,3
Rickie,Weeks,0,360,0,0,64,106,105,85,0,0,18,24,25,19
Todd,Wellemeyer,1,4,0,3,0,0,1,0,0,1,0,0,0,0
David,Wells,1,7,0,0,7,0,0,0,0,0,1,0,0,0
Kip,Wells,1,57,9,14,7,8,8,11,3,1,0,3,1,1
Vernon,Wells,0,620,94,103,91,111,107,114,18,29,30,35,27,28
Jayson,Werth,0,337,0,26,95,78,69,69,0,5,26,17,17,14
Jake,Westbrook,1,2,0,0,2,0,0,0,0,0,0,0,0,0
Matt,White,1,1,0,0,0,0,1,0,0,0,0,0,0,0
Rick,White,1,2,0,0,1,0,1,0,0,0,0,0,0,0
Rondell,White,0,374,77,85,92,81,39,0,25,25,26,29,12,0
Dustin,Whiteside,0,12,0,0,0,8,0,4,0,0,0,3,0,0
Chris,Widger,0,141,26,23,22,22,22,26,6,11,2,6,3,6
Ty,Wigginton,0,155,55,45,3,0,25,27,8,12,1,0,8,11
Brad,Wilkerson,0,565,96,99,77,106,81,106,31,24,18,25,17,25
Bernie,Williams,0,485,84,60,78,72,90,101,20,16,19,17,26,23
Dave,Williams,1,42,8,9,7,5,13,0,2,0,0,1,2,0
Gerald,Williams,0,30,0,0,1,5,20,4,0,0,0,1,5,1
Glenn,Williams,0,40,0,0,40,0,0,0,0,0,17,0,0,0
Jerome,Williams,1,34,4,0,2,7,8,13,0,0,0,1,2,0
Randall,Williams,1,1,0,1,0,0,0,0,0,0,0,0,0,0
Woody,Williams,1,46,12,1,6,9,6,12,4,0,2,1,0,0
Joshua,Willingham,0,23,0,0,2,0,0,21,0,0,0,0,0,7
Dontrelle,Willis,1,92,15,13,16,11,15,22,2,3,6,3,2,8
Craig,Wilson,0,197,64,17,0,15,10,91,15,9,0,1,4,23
Dan,Wilson,0,27,24,3,0,0,0,0,3,2,0,0,0,0
Enrique,Wilson,0,22,0,4,18,0,0,0,0,0,3,0,0,0
Jack,Wilson,0,587,80,104,95,92,105,111,13,27,23,22,28,38
Joshua,Wilson,0,10,0,0,0,0,0,10,0,0,0,0,0,1
Paul,Wilson,1,17,13,4,0,0,0,0,3,0,0,0,0,0
Preston,Wilson,0,520,65,77,93,89,96,100,16,20,24,22,26,27
Vance,Wilson,0,152,15,18,17,22,37,43,3,1,2,5,9,10
Randy,Winn,0,617,84,105,101,96,108,123,22,31,26,27,29,54
Matt,Wise,1,1,0,0,0,1,0,0,0,0,0,1,0,0
Randy,Wolf,1,26,8,13,5,0,0,0,1,3,0,0,0,0
Tony,Womack,0,329,82,103,65,19,55,5,23,26,11,7,12,3
Kerry,Wood,1,18,8,0,2,8,0,0,1,0,0,1,0,0
Chris,Woodward,0,173,26,26,41,37,30,13,8,7,15,7,10,2
Shawn,Wooten,0,1,0,1,0,0,0,0,0,0,0,0,0,0
Tim,Worrell,1,1,0,0,0,0,0,1,0,0,0,0,0,0
David,Wright,0,575,76,95,93,101,98,112,23,27,27,31,37,31
Jamey,Wright,1,55,9,11,9,10,11,5,3,1,1,0,2,1
Michael,Wuertz,1,2,0,0,0,0,2,0,0,0,0,0,0,0
Kelly,Wunsch,1,1,1,0,0,0,0,0,0,0,0,0,0,0
Kevin,Youkilis,0,79,7,31,21,4,3,13,4,8,5,1,1,3
Christopher,Young,1,5,0,0,5,0,0,0,0,0,0,0,0,0
Dmitri,Young,0,469,85,91,89,80,95,29,26,22,19,22,33,5
Eric,Young,0,142,3,0,0,48,56,35,1,0,0,11,18,9
Michael,Young,0,668,104,100,113,117,120,114,28,31,44,40,37,41
Walter,YoungJr.,0,33,0,0,0,0,0,33,0,0,0,0,0,10
Carlos,Zambrano,1,80,14,13,8,14,15,16,5,2,1,4,4,8
Victor,Zambrano,1,53,10,8,7,10,12,6,2,2,0,1,2,0
Gregg,Zaun,0,434,70,49,78,79,80,78,20,13,20,22,19,15
Barry,Zito,1,7,0,3,4,0,0,0,0,0,1,0,0,0
Victor,Zurita,0,58,0,0,0,0,0,58,0,0,0,0,0,23
